version https://git-lfs.github.com/spec/v1
oid sha256:ca600f47dfe9b8704cdfe07fec4df73f5f134277621595ee0f26dc1071a31bc5
size 21267
