version https://git-lfs.github.com/spec/v1
oid sha256:3ede8fda3033d0b7e6ceb179eea26d9742f09f66b1d9e14ae759a46a63009c0a
size 96905
