version https://git-lfs.github.com/spec/v1
oid sha256:5ce12d8ff77dff58dbbbbc1ff855b3fb37bcc336c020b4167ad5ddf5c75d1a2d
size 4551
